0.0000 1.0000 0.0000
0.1000 0.9840 0.0072
0.2000 0.9802 0.0123
0.3000 0.9830 0.0164
0.4000 0.9870 0.0199
0.5000 0.9893 0.0227
0.6000 0.9888 0.0250
0.7000 0.9859 0.0268
0.8000 0.9810 0.0282
0.9000 0.9747 0.0293
1.0000 0.9677 0.0302
1.1000 0.9602 0.0309
1.2000 0.9526 0.0316
1.3000 0.9451 0.0322
1.4000 0.9377 0.0328
1.5000 0.9306 0.0334
1.6000 0.9238 0.0340
1.7000 0.9174 0.0346
1.8000 0.9114 0.0352
1.9000 0.9057 0.0358
2.0000 0.9005 0.0365
2.1000 0.8956 0.0372
2.2000 0.8911 0.0379
2.3000 0.8870 0.0387
2.4000 0.8833 0.0394
2.5000 0.8800 0.0402
2.6000 0.8769 0.0410
2.7000 0.8743 0.0419
2.8000 0.8719 0.0427
2.9000 0.8699 0.0436
3.0000 0.8682 0.0445
3.1000 0.8668 0.0454
3.2000 0.8658 0.0463
3.3000 0.8650 0.0473
3.4000 0.8645 0.0483
3.5000 0.8643 0.0493
3.6000 0.8643 0.0503
3.7000 0.8647 0.0513
3.8000 0.8653 0.0524
3.9000 0.8661 0.0535
4.0000 0.8673 0.0546
4.1000 0.8686 0.0558
4.2000 0.8703 0.0570
4.3000 0.8721 0.0582
4.4000 0.8743 0.0594
4.5000 0.8766 0.0607
4.6000 0.8792 0.0620
4.7000 0.8821 0.0634
4.8000 0.8852 0.0647
4.9000 0.8885 0.0662
5.0000 0.8921 0.0676
5.1000 0.8959 0.0691
5.2000 0.8999 0.0706
5.3000 0.9042 0.0722
5.4000 0.9087 0.0738
5.5000 0.9135 0.0755
5.6000 0.9185 0.0772
5.7000 0.9237 0.0790
5.8000 0.9292 0.0808
5.9000 0.9349 0.0826
6.0000 0.9408 0.0846
6.1000 0.9470 0.0865
6.2000 0.9535 0.0886
6.3000 0.9602 0.0907
6.4000 0.9671 0.0928
6.5000 0.9743 0.0950
6.6000 0.9818 0.0973
6.7000 0.9895 0.0997
6.8000 0.9975 0.1021
6.9000 1.0057 0.1046
7.0000 1.0142 0.1072
7.1000 1.0230 0.1098
7.2000 1.0321 0.1126
7.3000 1.0414 0.1154
7.4000 1.0511 0.1183
7.5000 1.0610 0.1213
7.6000 1.0712 0.1244
7.7000 1.0817 0.1276
7.8000 1.0925 0.1309
7.9000 1.1037 0.1343
8.0000 1.1151 0.1378
8.1000 1.1269 0.1414
8.2000 1.1390 0.1451
8.3000 1.1514 0.1490
8.4000 1.1641 0.1530
8.5000 1.1772 0.1570
8.6000 1.1907 0.1613
8.7000 1.2045 0.1656
8.8000 1.2187 0.1701
8.9000 1.2332 0.1748
9.0000 1.2482 0.1796
9.1000 1.2635 0.1845
9.2000 1.2791 0.1896
9.3000 1.2952 0.1949
9.4000 1.3117 0.2003
9.5000 1.3286 0.2059
9.6000 1.3460 0.2117
9.7000 1.3637 0.2176
9.8000 1.3819 0.2238
9.9000 1.4005 0.2301
10.0000 1.4196 0.2367
10.1000 1.4391 0.2434
10.2000 1.4591 0.2504
10.3000 1.4796 0.2576
10.4000 1.5005 0.2650
10.5000 1.5220 0.2727
10.6000 1.5439 0.2805
10.7000 1.5663 0.2887
10.8000 1.5892 0.2970
10.9000 1.6126 0.3056
11.0000 1.6366 0.3145
11.1000 1.6610 0.3237
11.2000 1.6860 0.3331
11.3000 1.7115 0.3428
11.4000 1.7375 0.3528
11.5000 1.7640 0.3631
11.6000 1.7911 0.3737
11.7000 1.8187 0.3845
11.8000 1.8468 0.3957
11.9000 1.8755 0.4072
12.0000 1.9046 0.4190
12.1000 1.9343 0.4311
12.2000 1.9645 0.4435
12.3000 1.9952 0.4563
12.4000 2.0264 0.4694
12.5000 2.0580 0.4828
12.6000 2.0901 0.4965
12.7000 2.1227 0.5106
12.8000 2.1556 0.5250
12.9000 2.1890 0.5397
13.0000 2.2228 0.5547
13.1000 2.2568 0.5700
13.2000 2.2913 0.5857
13.3000 2.3259 0.6017
13.4000 2.3609 0.6179
13.5000 2.3960 0.6345
13.6000 2.4313 0.6513
13.7000 2.4667 0.6684
13.8000 2.5021 0.6858
13.9000 2.5375 0.7035
14.0000 2.5729 0.7213
14.1000 2.6081 0.7394
14.2000 2.6431 0.7577
14.3000 2.6779 0.7762
14.4000 2.7123 0.7949
14.5000 2.7462 0.8137
14.6000 2.7796 0.8327
14.7000 2.8124 0.8518
14.8000 2.8445 0.8709
14.9000 2.8757 0.8902
15.0000 2.9061 0.9094
15.1000 2.9354 0.9287
15.2000 2.9637 0.9479
15.3000 2.9907 0.9671
15.4000 3.0164 0.9862
15.5000 3.0407 1.0051
15.6000 3.0635 1.0239
15.7000 3.0846 1.0425
15.8000 3.1041 1.0608
15.9000 3.1217 1.0789
16.0000 3.1374 1.0966
16.1000 3.1512 1.1139
16.2000 3.1628 1.1307
16.3000 3.1724 1.1471
16.4000 3.1797 1.1629
16.5000 3.1848 1.1781
16.6000 3.1876 1.1926
16.7000 3.1881 1.2064
16.8000 3.1862 1.2195
16.9000 3.1819 1.2316
17.0000 3.1753 1.2429
17.1000 3.1663 1.2532
17.2000 3.1549 1.2624
17.3000 3.1412 1.2706
17.4000 3.1253 1.2777
17.5000 3.1070 1.2836
17.6000 3.0866 1.2884
17.7000 3.0641 1.2919
17.8000 3.0396 1.2942
17.9000 3.0131 1.2951
18.0000 2.9847 1.2949
18.1000 2.9546 1.2933
18.2000 2.9228 1.2905
18.3000 2.8894 1.2864
18.4000 2.8546 1.2810
18.5000 2.8184 1.2745
18.6000 2.7811 1.2668
18.7000 2.7426 1.2579
18.8000 2.7031 1.2479
18.9000 2.6627 1.2368
19.0000 2.6216 1.2248
19.1000 2.5797 1.2118
19.2000 2.5374 1.1980
19.3000 2.4945 1.1833
19.4000 2.4513 1.1678
19.5000 2.4079 1.1517
19.6000 2.3642 1.1349
19.7000 2.3205 1.1176
19.8000 2.2768 1.0998
19.9000 2.2331 1.0815
20.0000 2.1896 1.0629
20.1000 2.1463 1.0439
20.2000 2.1033 1.0247
20.3000 2.0606 1.0053
20.4000 2.0182 0.9858
20.5000 1.9763 0.9661
20.6000 1.9349 0.9464
20.7000 1.8939 0.9267
20.8000 1.8535 0.9070
20.9000 1.8137 0.8874
21.0000 1.7745 0.8679
21.1000 1.7358 0.8485
21.2000 1.6978 0.8294
21.3000 1.6605 0.8104
21.4000 1.6238 0.7916
21.5000 1.5878 0.7730
21.6000 1.5525 0.7547
21.7000 1.5179 0.7367
21.8000 1.4840 0.7190
21.9000 1.4507 0.7016
22.0000 1.4182 0.6845
22.1000 1.3863 0.6677
22.2000 1.3551 0.6512
22.3000 1.3247 0.6351
22.4000 1.2949 0.6193
22.5000 1.2657 0.6038
22.6000 1.2373 0.5887
22.7000 1.2094 0.5739
22.8000 1.1823 0.5595
22.9000 1.1558 0.5454
23.0000 1.1299 0.5317
23.1000 1.1046 0.5182
23.2000 1.0799 0.5052
23.3000 1.0558 0.4924
23.4000 1.0323 0.4800
23.5000 1.0094 0.4678
23.6000 0.9870 0.4560
23.7000 0.9652 0.4446
23.8000 0.9439 0.4334
23.9000 0.9231 0.4225
24.0000 0.9029 0.4119
24.1000 0.8831 0.4015
24.2000 0.8638 0.3915
24.3000 0.8450 0.3817
24.4000 0.8267 0.3722
24.5000 0.8088 0.3630
24.6000 0.7914 0.3540
24.7000 0.7744 0.3453
24.8000 0.7578 0.3368
24.9000 0.7416 0.3285
25.0000 0.7258 0.3205
25.1000 0.7104 0.3127
25.2000 0.6954 0.3051
25.3000 0.6807 0.2977
25.4000 0.6664 0.2905
25.5000 0.6525 0.2835
25.6000 0.6389 0.2768
25.7000 0.6256 0.2702
25.8000 0.6126 0.2637
25.9000 0.6000 0.2575
26.0000 0.5876 0.2514
26.1000 0.5756 0.2455
26.2000 0.5638 0.2398
26.3000 0.5523 0.2342
26.4000 0.5411 0.2288
26.5000 0.5301 0.2235
26.6000 0.5194 0.2184
26.7000 0.5090 0.2134
26.8000 0.4988 0.2085
26.9000 0.4888 0.2038
27.0000 0.4791 0.1992
27.1000 0.4696 0.1947
27.2000 0.4603 0.1904
27.3000 0.4512 0.1862
27.4000 0.4424 0.1820
27.5000 0.4337 0.1780
27.6000 0.4252 0.1741
27.7000 0.4169 0.1703
27.8000 0.4088 0.1666
27.9000 0.4009 0.1630
28.0000 0.3932 0.1595
28.1000 0.3856 0.1561
28.2000 0.3782 0.1527
28.3000 0.3710 0.1495
28.4000 0.3639 0.1463
28.5000 0.3570 0.1433
28.6000 0.3502 0.1403
28.7000 0.3435 0.1373
28.8000 0.3370 0.1345
28.9000 0.3307 0.1317
29.0000 0.3245 0.1290
29.1000 0.3184 0.1264
29.2000 0.3124 0.1238
29.3000 0.3066 0.1213
29.4000 0.3009 0.1189
29.5000 0.2953 0.1165
29.6000 0.2898 0.1141
29.7000 0.2844 0.1119
29.8000 0.2792 0.1097
29.9000 0.2740 0.1075
30.0000 0.2690 0.1054
30.1000 0.2640 0.1034
30.2000 0.2592 0.1014
30.3000 0.2544 0.0994
30.4000 0.2498 0.0975
30.5000 0.2452 0.0956
30.6000 0.2407 0.0938
30.7000 0.2363 0.0921
30.8000 0.2320 0.0903
30.9000 0.2278 0.0886
31.0000 0.2237 0.0870
31.1000 0.2196 0.0854
31.2000 0.2157 0.0838
31.3000 0.2117 0.0823
31.4000 0.2079 0.0808
31.5000 0.2042 0.0793
31.6000 0.2005 0.0779
31.7000 0.1969 0.0765
31.8000 0.1933 0.0751
31.9000 0.1898 0.0738
32.0000 0.1864 0.0725
32.1000 0.1830 0.0712
32.2000 0.1797 0.0700
32.3000 0.1765 0.0687
32.4000 0.1733 0.0676
32.5000 0.1702 0.0664
32.6000 0.1671 0.0653
32.7000 0.1641 0.0642
32.8000 0.1612 0.0631
32.9000 0.1583 0.0620
33.0000 0.1554 0.0610
