      0.0000      1.0000      0.0000      1.0000      0.0000      1.0000      0.0000
      0.1000      0.9848      0.0034      0.9690      0.0060      0.9840      0.0072
      0.2000      0.9769      0.0059      0.9576      0.0094      0.9802      0.0123
      0.3000      0.9755      0.0077      0.9590      0.0116      0.9830      0.0164
      0.4000      0.9790      0.0087      0.9663      0.0137      0.9870      0.0199
      0.5000      0.9854      0.0093      0.9749      0.0158      0.9893      0.0227
      0.6000      0.9933      0.0095      0.9822      0.0180      0.9888      0.0250
      0.7000      1.0014      0.0094      0.9873      0.0200      0.9859      0.0268
      0.8000      1.0093      0.0093      0.9900      0.0218      0.9810      0.0282
      0.9000      1.0165      0.0090      0.9908      0.0234      0.9747      0.0293
      1.0000      1.0230      0.0088      0.9899      0.0249      0.9677      0.0302
      1.1000      1.0286      0.0085      0.9877      0.0261      0.9602      0.0309
      1.2000      1.0336      0.0083      0.9846      0.0273      0.9526      0.0316
      1.3000      1.0378      0.0081      0.9808      0.0283      0.9451      0.0322
      1.4000      1.0413      0.0079      0.9764      0.0293      0.9377      0.0328
      1.5000      1.0443      0.0077      0.9718      0.0303      0.9306      0.0334
      1.6000      1.0468      0.0075      0.9670      0.0312      0.9238      0.0340
      1.7000      1.0488      0.0074      0.9621      0.0321      0.9174      0.0346
      1.8000      1.0504      0.0073      0.9573      0.0330      0.9114      0.0352
      1.9000      1.0516      0.0072      0.9525      0.0339      0.9057      0.0358
      2.0000      1.0525      0.0071      0.9478      0.0348      0.9005      0.0365
      2.1000      1.0532      0.0070      0.9432      0.0356      0.8956      0.0372
      2.2000      1.0535      0.0069      0.9389      0.0365      0.8911      0.0379
      2.3000      1.0537      0.0069      0.9347      0.0374      0.8870      0.0387
      2.4000      1.0536      0.0068      0.9307      0.0383      0.8833      0.0394
      2.5000      1.0534      0.0068      0.9269      0.0392      0.8800      0.0402
      2.6000      1.0530      0.0067      0.9234      0.0401      0.8769      0.0410
      2.7000      1.0524      0.0067      0.9201      0.0410      0.8743      0.0419
      2.8000      1.0517      0.0067      0.9170      0.0419      0.8719      0.0427
      2.9000      1.0509      0.0067      0.9142      0.0428      0.8699      0.0436
      3.0000      1.0499      0.0067      0.9116      0.0437      0.8682      0.0445
      3.1000      1.0489      0.0067      0.9092      0.0447      0.8668      0.0454
      3.2000      1.0477      0.0066      0.9071      0.0456      0.8658      0.0463
      3.3000      1.0465      0.0066      0.9052      0.0466      0.8650      0.0473
      3.4000      1.0451      0.0066      0.9035      0.0475      0.8645      0.0483
      3.5000      1.0437      0.0066      0.9021      0.0485      0.8643      0.0493
      3.6000      1.0422      0.0066      0.9008      0.0495      0.8643      0.0503
      3.7000      1.0407      0.0067      0.8998      0.0505      0.8647      0.0513
      3.8000      1.0391      0.0067      0.8991      0.0515      0.8653      0.0524
      3.9000      1.0374      0.0067      0.8985      0.0526      0.8661      0.0535
      4.0000      1.0357      0.0067      0.8982      0.0536      0.8673      0.0546
      4.1000      1.0339      0.0067      0.8981      0.0547      0.8686      0.0558
      4.2000      1.0321      0.0067      0.8982      0.0558      0.8703      0.0570
      4.3000      1.0302      0.0067      0.8985      0.0569      0.8721      0.0582
      4.4000      1.0283      0.0068      0.8990      0.0581      0.8743      0.0594
      4.5000      1.0263      0.0068      0.8997      0.0592      0.8766      0.0607
      4.6000      1.0243      0.0068      0.9006      0.0604      0.8792      0.0620
      4.7000      1.0223      0.0068      0.9017      0.0616      0.8821      0.0634
      4.8000      1.0202      0.0069      0.9031      0.0628      0.8852      0.0647
      4.9000      1.0181      0.0069      0.9046      0.0641      0.8885      0.0662
      5.0000      1.0160      0.0069      0.9063      0.0654      0.8921      0.0676
      5.1000      1.0138      0.0070      0.9083      0.0667      0.8959      0.0691
      5.2000      1.0117      0.0070      0.9104      0.0681      0.8999      0.0706
      5.3000      1.0095      0.0070      0.9128      0.0694      0.9042      0.0722
      5.4000      1.0072      0.0071      0.9153      0.0709      0.9087      0.0738
      5.5000      1.0050      0.0071      0.9180      0.0723      0.9135      0.0755
      5.6000      1.0027      0.0072      0.9210      0.0738      0.9185      0.0772
      5.7000      1.0004      0.0072      0.9241      0.0753      0.9237      0.0790
      5.8000      0.9981      0.0072      0.9274      0.0769      0.9292      0.0808
      5.9000      0.9958      0.0073      0.9309      0.0785      0.9349      0.0826
      6.0000      0.9935      0.0073      0.9347      0.0801      0.9408      0.0846
      6.1000      0.9911      0.0074      0.9386      0.0818      0.9470      0.0865
      6.2000      0.9888      0.0074      0.9427      0.0835      0.9535      0.0886
      6.3000      0.9864      0.0075      0.9471      0.0853      0.9602      0.0907
      6.4000      0.9840      0.0076      0.9516      0.0871      0.9671      0.0928
      6.5000      0.9816      0.0076      0.9564      0.0890      0.9743      0.0950
      6.6000      0.9792      0.0077      0.9613      0.0909      0.9818      0.0973
      6.7000      0.9768      0.0077      0.9665      0.0929      0.9895      0.0997
      6.8000      0.9744      0.0078      0.9719      0.0950      0.9975      0.1021
      6.9000      0.9719      0.0079      0.9775      0.0970      1.0057      0.1046
      7.0000      0.9695      0.0079      0.9833      0.0992      1.0142      0.1072
      7.1000      0.9671      0.0080      0.9893      0.1014      1.0230      0.1098
      7.2000      0.9646      0.0081      0.9956      0.1037      1.0321      0.1126
      7.3000      0.9622      0.0081      1.0020      0.1060      1.0414      0.1154
      7.4000      0.9597      0.0082      1.0087      0.1084      1.0511      0.1183
      7.5000      0.9573      0.0083      1.0156      0.1109      1.0610      0.1213
      7.6000      0.9548      0.0083      1.0228      0.1134      1.0712      0.1244
      7.7000      0.9524      0.0084      1.0302      0.1160      1.0817      0.1276
      7.8000      0.9499      0.0085      1.0378      0.1187      1.0925      0.1309
      7.9000      0.9474      0.0086      1.0456      0.1215      1.1037      0.1343
      8.0000      0.9450      0.0086      1.0537      0.1243      1.1151      0.1378
      8.1000      0.9425      0.0087      1.0621      0.1273      1.1269      0.1414
      8.2000      0.9401      0.0088      1.0707      0.1303      1.1390      0.1451
      8.3000      0.9376      0.0089      1.0795      0.1334      1.1514      0.1490
      8.4000      0.9351      0.0090      1.0886      0.1366      1.1641      0.1530
      8.5000      0.9327      0.0090      1.0980      0.1399      1.1772      0.1570
      8.6000      0.9302      0.0091      1.1076      0.1433      1.1907      0.1613
      8.7000      0.9278      0.0092      1.1175      0.1468      1.2045      0.1656
      8.8000      0.9254      0.0093      1.1277      0.1504      1.2187      0.1701
      8.9000      0.9229      0.0094      1.1382      0.1541      1.2332      0.1748
      9.0000      0.9205      0.0095      1.1489      0.1579      1.2482      0.1796
      9.1000      0.9180      0.0095      1.1599      0.1618      1.2635      0.1845
      9.2000      0.9156      0.0096      1.1712      0.1659      1.2791      0.1896
      9.3000      0.9132      0.0097      1.1828      0.1700      1.2952      0.1949
      9.4000      0.9108      0.0098      1.1947      0.1743      1.3117      0.2003
      9.5000      0.9084      0.0099      1.2069      0.1787      1.3286      0.2059
      9.6000      0.9060      0.0100      1.2194      0.1832      1.3460      0.2117
      9.7000      0.9036      0.0101      1.2323      0.1879      1.3637      0.2176
      9.8000      0.9012      0.0102      1.2454      0.1927      1.3819      0.2238
      9.9000      0.8988      0.0103      1.2589      0.1977      1.4005      0.2301
     10.0000      0.8965      0.0104      1.2726      0.2028      1.4196      0.2367
     10.1000      0.8941      0.0104      1.2868      0.2080      1.4391      0.2434
     10.2000      0.8918      0.0105      1.3012      0.2134      1.4591      0.2504
     10.3000      0.8894      0.0106      1.3160      0.2190      1.4796      0.2576
     10.4000      0.8871      0.0107      1.3311      0.2247      1.5005      0.2650
     10.5000      0.8848      0.0108      1.3466      0.2306      1.5220      0.2727
     10.6000      0.8824      0.0109      1.3624      0.2367      1.5439      0.2805
     10.7000      0.8801      0.0110      1.3785      0.2429      1.5663      0.2887
     10.8000      0.8778      0.0111      1.3951      0.2493      1.5892      0.2970
     10.9000      0.8755      0.0112      1.4119      0.2559      1.6126      0.3056
     11.0000      0.8733      0.0113      1.4292      0.2627      1.6366      0.3145
     11.1000      0.8710      0.0114      1.4467      0.2696      1.6610      0.3237
     11.2000      0.8688      0.0115      1.4647      0.2768      1.6860      0.3331
     11.3000      0.8665      0.0116      1.4830      0.2841      1.7115      0.3428
     11.4000      0.8643      0.0117      1.5017      0.2916      1.7375      0.3528
     11.5000      0.8621      0.0118      1.5207      0.2994      1.7640      0.3631
     11.6000      0.8598      0.0119      1.5401      0.3073      1.7911      0.3737
     11.7000      0.8576      0.0120      1.5598      0.3155      1.8187      0.3845
     11.8000      0.8555      0.0121      1.5799      0.3238      1.8468      0.3957
     11.9000      0.8533      0.0122      1.6003      0.3324      1.8755      0.4072
     12.0000      0.8511      0.0123      1.6211      0.3412      1.9046      0.4190
     12.1000      0.8490      0.0124      1.6422      0.3502      1.9343      0.4311
     12.2000      0.8468      0.0125      1.6636      0.3594      1.9645      0.4435
     12.3000      0.8447      0.0125      1.6854      0.3688      1.9952      0.4563
     12.4000      0.8426      0.0126      1.7074      0.3785      2.0264      0.4694
     12.5000      0.8405      0.0127      1.7298      0.3883      2.0580      0.4828
     12.6000      0.8384      0.0128      1.7524      0.3984      2.0901      0.4965
     12.7000      0.8364      0.0129      1.7753      0.4087      2.1227      0.5106
     12.8000      0.8343      0.0130      1.7985      0.4192      2.1556      0.5250
     12.9000      0.8323      0.0131      1.8218      0.4299      2.1890      0.5397
     13.0000      0.8302      0.0132      1.8454      0.4408      2.2228      0.5547
     13.1000      0.8282      0.0133      1.8691      0.4519      2.2568      0.5700
     13.2000      0.8262      0.0134      1.8931      0.4632      2.2913      0.5857
     13.3000      0.8242      0.0135      1.9171      0.4747      2.3259      0.6017
     13.4000      0.8222      0.0136      1.9412      0.4864      2.3609      0.6179
     13.5000      0.8203      0.0137      1.9654      0.4983      2.3960      0.6345
     13.6000      0.8183      0.0138      1.9896      0.5103      2.4313      0.6513
     13.7000      0.8164      0.0139      2.0138      0.5226      2.4667      0.6684
     13.8000      0.8145      0.0140      2.0379      0.5349      2.5021      0.6858
     13.9000      0.8126      0.0141      2.0620      0.5474      2.5375      0.7035
     14.0000      0.8107      0.0142      2.0859      0.5601      2.5729      0.7213
     14.1000      0.8088      0.0143      2.1095      0.5729      2.6081      0.7394
     14.2000      0.8070      0.0144      2.1329      0.5858      2.6431      0.7577
     14.3000      0.8051      0.0145      2.1560      0.5988      2.6779      0.7762
     14.4000      0.8033      0.0147      2.1787      0.6119      2.7123      0.7949
     14.5000      0.8015      0.0148      2.2010      0.6251      2.7462      0.8137
     14.6000      0.7997      0.0149      2.2228      0.6383      2.7796      0.8327
     14.7000      0.7979      0.0150      2.2440      0.6516      2.8124      0.8518
     14.8000      0.7961      0.0151      2.2646      0.6649      2.8445      0.8709
     14.9000      0.7944      0.0152      2.2844      0.6782      2.8757      0.8902
     15.0000      0.7926      0.0153      2.3035      0.6916      2.9061      0.9094
     15.1000      0.7909      0.0154      2.3217      0.7049      2.9354      0.9287
     15.2000      0.7892      0.0155      2.3390      0.7181      2.9637      0.9479
     15.3000      0.7875      0.0156      2.3552      0.7313      2.9907      0.9671
     15.4000      0.7858      0.0157      2.3704      0.7444      3.0164      0.9862
     15.5000      0.7842      0.0158      2.3845      0.7574      3.0407      1.0051
     15.6000      0.7825      0.0159      2.3973      0.7702      3.0635      1.0239
     15.7000      0.7809      0.0160      2.4088      0.7829      3.0846      1.0425
     15.8000      0.7793      0.0162      2.4190      0.7953      3.1041      1.0608
     15.9000      0.7777      0.0163      2.4278      0.8076      3.1217      1.0789
     16.0000      0.7761      0.0164      2.4350      0.8196      3.1374      1.0966
     16.1000      0.7746      0.0165      2.4408      0.8312      3.1512      1.1139
     16.2000      0.7730      0.0166      2.4449      0.8426      3.1628      1.1307
     16.3000      0.7715      0.0167      2.4474      0.8535      3.1724      1.1471
     16.4000      0.7700      0.0168      2.4483      0.8641      3.1797      1.1629
     16.5000      0.7685      0.0170      2.4474      0.8742      3.1848      1.1781
     16.6000      0.7670      0.0171      2.4449      0.8838      3.1876      1.1926
     16.7000      0.7655      0.0172      2.4405      0.8928      3.1881      1.2064
     16.8000      0.7641      0.0173      2.4345      0.9013      3.1862      1.2195
     16.9000      0.7626      0.0175      2.4266      0.9091      3.1819      1.2316
     17.0000      0.7612      0.0176      2.4171      0.9163      3.1753      1.2429
     17.1000      0.7598      0.0177      2.4058      0.9227      3.1663      1.2532
     17.2000      0.7584      0.0178      2.3928      0.9284      3.1549      1.2624
     17.3000      0.7571      0.0180      2.3781      0.9334      3.1412      1.2706
     17.4000      0.7557      0.0181      2.3618      0.9375      3.1253      1.2777
     17.5000      0.7544      0.0182      2.3439      0.9407      3.1070      1.2836
     17.6000      0.7531      0.0184      2.3244      0.9431      3.0866      1.2884
     17.7000      0.7517      0.0185      2.3035      0.9446      3.0641      1.2919
     17.8000      0.7505      0.0186      2.2811      0.9452      3.0396      1.2942
     17.9000      0.7492      0.0188      2.2574      0.9448      3.0131      1.2951
     18.0000      0.7479      0.0189      2.2324      0.9436      2.9847      1.2949
     18.1000      0.7467      0.0191      2.2062      0.9414      2.9546      1.2933
     18.2000      0.7455      0.0192      2.1789      0.9383      2.9228      1.2905
     18.3000      0.7443      0.0194      2.1506      0.9343      2.8894      1.2864
     18.4000      0.7431      0.0195      2.1213      0.9294      2.8546      1.2810
     18.5000      0.7419      0.0197      2.0911      0.9236      2.8184      1.2745
     18.6000      0.7408      0.0198      2.0602      0.9170      2.7811      1.2668
     18.7000      0.7397      0.0200      2.0286      0.9096      2.7426      1.2579
     18.8000      0.7385      0.0201      1.9963      0.9014      2.7031      1.2479
     18.9000      0.7374      0.0203      1.9636      0.8924      2.6627      1.2368
     19.0000      0.7364      0.0205      1.9304      0.8828      2.6216      1.2248
     19.1000      0.7353      0.0206      1.8969      0.8724      2.5797      1.2118
     19.2000      0.7343      0.0208      1.8631      0.8615      2.5374      1.1980
     19.3000      0.7332      0.0210      1.8291      0.8500      2.4945      1.1833
     19.4000      0.7322      0.0211      1.7949      0.8381      2.4513      1.1678
     19.5000      0.7312      0.0213      1.7607      0.8256      2.4079      1.1517
     19.6000      0.7302      0.0215      1.7265      0.8127      2.3642      1.1349
     19.7000      0.7293      0.0217      1.6923      0.7994      2.3205      1.1176
     19.8000      0.7283      0.0219      1.6583      0.7859      2.2768      1.0998
     19.9000      0.7274      0.0220      1.6244      0.7720      2.2331      1.0815
     20.0000      0.7265      0.0222      1.5908      0.7579      2.1896      1.0629
     20.1000      0.7256      0.0224      1.5574      0.7436      2.1463      1.0439
     20.2000      0.7248      0.0226      1.5244      0.7292      2.1033      1.0247
     20.3000      0.7239      0.0228      1.4917      0.7146      2.0606      1.0053
     20.4000      0.7231      0.0230      1.4594      0.7000      2.0182      0.9858
     20.5000      0.7223      0.0232      1.4274      0.6854      1.9763      0.9661
     20.6000      0.7215      0.0234      1.3960      0.6707      1.9349      0.9464
     20.7000      0.7207      0.0237      1.3649      0.6561      1.8939      0.9267
     20.8000      0.7199      0.0239      1.3344      0.6416      1.8535      0.9070
     20.9000      0.7192      0.0241      1.3044      0.6271      1.8137      0.8874
     21.0000      0.7185      0.0243      1.2749      0.6127      1.7745      0.8679
     21.1000      0.7178      0.0246      1.2459      0.5985      1.7358      0.8485
     21.2000      0.7171      0.0248      1.2175      0.5844      1.6978      0.8294
     21.3000      0.7164      0.0250      1.1896      0.5705      1.6605      0.8104
     21.4000      0.7157      0.0253      1.1623      0.5568      1.6238      0.7916
     21.5000      0.7151      0.0255      1.1355      0.5432      1.5878      0.7730
     21.6000      0.7145      0.0258      1.1093      0.5299      1.5525      0.7547
     21.7000      0.7139      0.0260      1.0836      0.5168      1.5179      0.7367
     21.8000      0.7133      0.0263      1.0586      0.5040      1.4840      0.7190
     21.9000      0.7128      0.0265      1.0340      0.4913      1.4507      0.7016
     22.0000      0.7122      0.0268      1.0101      0.4790      1.4182      0.6845
     22.1000      0.7117      0.0271      0.9867      0.4668      1.3863      0.6677
     22.2000      0.7112      0.0274      0.9638      0.4549      1.3551      0.6512
     22.3000      0.7107      0.0276      0.9415      0.4433      1.3247      0.6351
     22.4000      0.7103      0.0279      0.9197      0.4320      1.2949      0.6193
     22.5000      0.7098      0.0282      0.8985      0.4209      1.2657      0.6038
     22.6000      0.7094      0.0285      0.8777      0.4100      1.2373      0.5887
     22.7000      0.7090      0.0288      0.8575      0.3995      1.2094      0.5739
     22.8000      0.7086      0.0291      0.8378      0.3891      1.1823      0.5595
     22.9000      0.7083      0.0294      0.8186      0.3791      1.1558      0.5454
     23.0000      0.7079      0.0298      0.7999      0.3693      1.1299      0.5317
     23.1000      0.7076      0.0301      0.7816      0.3597      1.1046      0.5182
     23.2000      0.7073      0.0304      0.7638      0.3504      1.0799      0.5052
     23.3000      0.7070      0.0307      0.7465      0.3413      1.0558      0.4924
     23.4000      0.7068      0.0311      0.7296      0.3325      1.0323      0.4800
     23.5000      0.7065      0.0314      0.7132      0.3239      1.0094      0.4678
     23.6000      0.7063      0.0318      0.6971      0.3156      0.9870      0.4560
     23.7000      0.7061      0.0322      0.6815      0.3075      0.9652      0.4446
     23.8000      0.7060      0.0325      0.6663      0.2996      0.9439      0.4334
     23.9000      0.7058      0.0329      0.6515      0.2919      0.9231      0.4225
     24.0000      0.7057      0.0333      0.6371      0.2844      0.9029      0.4119
     24.1000      0.7056      0.0337      0.6231      0.2772      0.8831      0.4015
     24.2000      0.7055      0.0341      0.6094      0.2701      0.8638      0.3915
     24.3000      0.7054      0.0345      0.5961      0.2632      0.8450      0.3817
     24.4000      0.7053      0.0349      0.5831      0.2566      0.8267      0.3722
     24.5000      0.7053      0.0353      0.5705      0.2501      0.8088      0.3630
     24.6000      0.7053      0.0357      0.5582      0.2438      0.7914      0.3540
     24.7000      0.7053      0.0361      0.5462      0.2377      0.7744      0.3453
     24.8000      0.7054      0.0366      0.5345      0.2318      0.7578      0.3368
     24.9000      0.7054      0.0370      0.5231      0.2260      0.7416      0.3285
     25.0000      0.7055      0.0375      0.5121      0.2204      0.7258      0.3205
     25.1000      0.7056      0.0380      0.5013      0.2150      0.7104      0.3127
     25.2000      0.7058      0.0384      0.4908      0.2097      0.6954      0.3051
     25.3000      0.7059      0.0389      0.4805      0.2046      0.6807      0.2977
     25.4000      0.7061      0.0394      0.4706      0.1996      0.6664      0.2905
     25.5000      0.7063      0.0399      0.4609      0.1947      0.6525      0.2835
     25.6000      0.7066      0.0404      0.4514      0.1900      0.6389      0.2768
     25.7000      0.7068      0.0409      0.4422      0.1855      0.6256      0.2702
     25.8000      0.7071      0.0415      0.4332      0.1810      0.6126      0.2637
     25.9000      0.7074      0.0420      0.4244      0.1767      0.6000      0.2575
     26.0000      0.7077      0.0425      0.4159      0.1725      0.5876      0.2514
     26.1000      0.7081      0.0431      0.4075      0.1684      0.5756      0.2455
     26.2000      0.7085      0.0437      0.3994      0.1645      0.5638      0.2398
     26.3000      0.7089      0.0442      0.3915      0.1606      0.5523      0.2342
     26.4000      0.7093      0.0448      0.3838      0.1569      0.5411      0.2288
     26.5000      0.7097      0.0454      0.3763      0.1533      0.5301      0.2235
     26.6000      0.7102      0.0460      0.3689      0.1498      0.5194      0.2184
     26.7000      0.7107      0.0467      0.3618      0.1463      0.5090      0.2134
     26.8000      0.7113      0.0473      0.3548      0.1430      0.4988      0.2085
     26.9000      0.7118      0.0479      0.3480      0.1397      0.4888      0.2038
     27.0000      0.7124      0.0486      0.3413      0.1366      0.4791      0.1992
     27.1000      0.7131      0.0493      0.3348      0.1335      0.4696      0.1947
     27.2000      0.7137      0.0500      0.3285      0.1305      0.4603      0.1904
     27.3000      0.7144      0.0507      0.3224      0.1277      0.4512      0.1862
     27.4000      0.7151      0.0514      0.3163      0.1248      0.4424      0.1820
     27.5000      0.7158      0.0521      0.3104      0.1221      0.4337      0.1780
     27.6000      0.7166      0.0528      0.3047      0.1194      0.4252      0.1741
     27.7000      0.7174      0.0536      0.2991      0.1168      0.4169      0.1703
     27.8000      0.7182      0.0544      0.2936      0.1143      0.4088      0.1666
     27.9000      0.7191      0.0551      0.2883      0.1118      0.4009      0.1630
     28.0000      0.7199      0.0559      0.2831      0.1095      0.3932      0.1595
     28.1000      0.7209      0.0567      0.2780      0.1071      0.3856      0.1561
     28.2000      0.7218      0.0576      0.2730      0.1049      0.3782      0.1527
     28.3000      0.7228      0.0584      0.2681      0.1027      0.3710      0.1495
     28.4000      0.7238      0.0593      0.2634      0.1005      0.3639      0.1463
     28.5000      0.7249      0.0602      0.2587      0.0984      0.3570      0.1433
     28.6000      0.7259      0.0611      0.2542      0.0964      0.3502      0.1403
     28.7000      0.7271      0.0620      0.2498      0.0944      0.3435      0.1373
     28.8000      0.7282      0.0629      0.2454      0.0925      0.3370      0.1345
     28.9000      0.7294      0.0639      0.2412      0.0906      0.3307      0.1317
     29.0000      0.7306      0.0648      0.2371      0.0887      0.3245      0.1290
     29.1000      0.7319      0.0658      0.2330      0.0870      0.3184      0.1264
     29.2000      0.7332      0.0668      0.2291      0.0852      0.3124      0.1238
     29.3000      0.7345      0.0679      0.2252      0.0835      0.3066      0.1213
     29.4000      0.7359      0.0689      0.2214      0.0819      0.3009      0.1189
     29.5000      0.7373      0.0700      0.2177      0.0802      0.2953      0.1165
     29.6000      0.7387      0.0711      0.2141      0.0787      0.2898      0.1141
     29.7000      0.7402      0.0722      0.2105      0.0771      0.2844      0.1119
     29.8000      0.7417      0.0734      0.2071      0.0756      0.2792      0.1097
     29.9000      0.7433      0.0745      0.2037      0.0742      0.2740      0.1075
     30.0000      0.7449      0.0757      0.2004      0.0728      0.2690      0.1054
     30.1000      0.7466      0.0769      0.1971      0.0714      0.2640      0.1034
     30.2000      0.7483      0.0782      0.1939      0.0700      0.2592      0.1014
     30.3000      0.7500      0.0795      0.1908      0.0687      0.2544      0.0994
     30.4000      0.7518      0.0808      0.1878      0.0674      0.2498      0.0975
     30.5000      0.7536      0.0821      0.1848      0.0661      0.2452      0.0956
     30.6000      0.7555      0.0834      0.1819      0.0649      0.2407      0.0938
     30.7000      0.7574      0.0848      0.1790      0.0637      0.2363      0.0921
     30.8000      0.7594      0.0862      0.1762      0.0625      0.2320      0.0903
     30.9000      0.7614      0.0877      0.1735      0.0614      0.2278      0.0886
     31.0000      0.7634      0.0892      0.1708      0.0603      0.2237      0.0870
     31.1000      0.7656      0.0907      0.1681      0.0592      0.2196      0.0854
     31.2000      0.7677      0.0922      0.1656      0.0581      0.2157      0.0838
     31.3000      0.7699      0.0938      0.1630      0.0571      0.2117      0.0823
     31.4000      0.7722      0.0955      0.1606      0.0561      0.2079      0.0808
     31.5000      0.7745      0.0971      0.1581      0.0551      0.2042      0.0793
     31.6000      0.7769      0.0988      0.1557      0.0541      0.2005      0.0779
     31.7000      0.7793      0.1006      0.1534      0.0531      0.1969      0.0765
     31.8000      0.7818      0.1023      0.1511      0.0522      0.1933      0.0751
     31.9000      0.7844      0.1042      0.1489      0.0513      0.1898      0.0738
     32.0000      0.7870      0.1060      0.1467      0.0504      0.1864      0.0725
     32.1000      0.7897      0.1079      0.1445      0.0496      0.1830      0.0712
     32.2000      0.7924      0.1099      0.1424      0.0487      0.1797      0.0700
     32.3000      0.7952      0.1119      0.1404      0.0479      0.1765      0.0687
     32.4000      0.7981      0.1140      0.1383      0.0471      0.1733      0.0676
     32.5000      0.8010      0.1161      0.1363      0.0463      0.1702      0.0664
     32.6000      0.8040      0.1182      0.1344      0.0455      0.1671      0.0653
     32.7000      0.8071      0.1205      0.1325      0.0447      0.1641      0.0642
     32.8000      0.8102      0.1227      0.1306      0.0440      0.1612      0.0631
     32.9000      0.8134      0.1251      0.1287      0.0433      0.1583      0.0620
     33.0000      0.8167      0.1275      0.1269      0.0426      0.1554      0.0610
